[0.578394879679712, 0.4244056160037677]
[0.6449009469702385, 0.43947742539972284]
[0.6386520010679098, 0.44271789035040277]
[0.6539850941639354, 0.47726157906059]
[0.5926786473483816, 0.4665713464444873]
[0.6624230059751877, 0.5096806377782757]
[0.7041506905844123, 0.52801453913038]
[0.6946695939236521, 0.5370783637517138]
[0.699918532531453, 0.5559113502628739]
[0.6790564483196424, 0.553086258185886]
[0.7751952235568363, 0.6872021891436522]
[0.7894216033894423, 0.6491929065887406]
[0.788416112864569, 0.663458885470921]
[0.7974447337697179, 0.6942592257551023]
[0.7805845542410981, 0.6877137976607413]
[0.578394879679712, 0.4244056160037677]
[0.6449009469702385, 0.43947742539972284]
[0.6386520010679098, 0.44271789035040277]
[0.6539850941639354, 0.47726157906059]
[0.5926786473483816, 0.4665713464444873]
[0.6624230059751877, 0.5096806377782757]
[0.7041506905844123, 0.52801453913038]
