[0.813652308184972, 0.7421968041510904]
[0.8140540437206769, 0.7059149703527319]
[0.813652308184972, 0.7421968041510904]
[0.8140540437206769, 0.7059149703527319]
[0.8147675217861614, 0.7160216731022672]
[0.8179963371134857, 0.7293462254391685]
[0.819279873329322, 0.7440062455906601]
[0.7191838495887518, 0.5978511022930272]
[0.7435336194426376, 0.6176565165030186]
[0.7361928006626881, 0.6036936020430387]
[0.7501810892168921, 0.6197746806841697]
[0.7233695254044632, 0.6236572118352702]
[0.6652239459864224, 0.5046063610938973]
[0.6681296727539727, 0.5136905441709285]
[0.6968055263555917, 0.5549313356090878]
[0.679773229946271, 0.5457935831532748]
[0.6491489417805822, 0.5579116927675977]
[0.817113723401512, 0.7469441258692473]
[0.8238650472986142, 0.7144966873401175]
[0.8235096490867166, 0.7276039128019429]
[0.8243995818908727, 0.7314337498648974]
[0.8216848475085519, 0.7451042629133054]
[0.7149109059750363, 0.6044722554946709]
[0.73678451976823, 0.6159618459079368]
[0.7354740835251083, 0.6215845467813738]
[0.7531301392875467, 0.6201018633334685]
[0.7271250507894198, 0.6355378538887484]
[0.6606774820060409, 0.5025571563037481]
[0.6756711429471935, 0.5224713057256176]
[0.696687136383922, 0.5571160232206667]
[0.676682428904141, 0.5397753031512059]
[0.6517161696552356, 0.552072624768438]
